input_1.txt (10 sec)
	HEI
	HEI
	10
	0 1
	138 252
	388 434
	510 755
	610 1120
	1543 1691
	1900 2001
	2000 2000
	1050 1050
	1000 1000

input_2.txt (1 sec)
	IMPOSSIBLE

input_3.txt (una ventina di minuti)
	Number of nodes: 170396
	HEI
	33
	2790 8260
	2715 8052
	2654 8017
	2588 7881
	2493 7660
	2420 7545
	2324 7484
	2268 7402
	2258 7384
	2217 7317
	2194 7306
	2133 7136
	2079 7066
	2062 7012
	1976 6887
	1943 6807
	1920 6651
	1813 6438
	1778 6408
	1656 6166
	1416 5590
	1339 5477
	925 4888
	841 4755
	809 4573
	657 4030
	628 3995
	510 3685
	420 3532
	392 3423
	332 3255
	294 3222
	50 2980


input_4.txt

