Iteration
Score: -4438488178.27 => -9223372036854775808
Iteration
Score: 0.99 => 2058899642
Iteration
Score: 0.99 => 2058949538
Best score achieved: 2058949538
Number of antennas not used 0/1014
Number of buildings not connected 49942/50000
Number of conflicts 0
1014
977 202 110
763 161 312
618 321 313
35 68 68
515 255 361
963 71 275
155 330 74
893 274 234
196 58 213
850 19 337
215 385 384
619 51 344
953 182 230
161 339 181
928 53 152
1004 165 23
758 169 204
19 110 390
872 380 18
304 377 367
23 387 141
138 135 176
973 309 245
431 289 359
354 15 45
77 271 19
408 353 32
191 301 176
864 103 257
666 203 229
400 93 127
391 83 219
955 38 142
528 223 11
475 395 10
868 153 53
680 47 316
339 276 86
79 341 118
445 30 198
40 308 109
818 26 237
513 375 176
735 227 81
182 366 107
64 110 56
712 47 19
331 242 325
607 279 174
652 285 275
829 371 33
143 21 10
698 32 224
229 67 171
50 81 246
268 210 200
741 386 119
789 211 385
480 294 379
596 106 155
957 306 91
909 12 379
488 65 369
692 6 361
428 20 98
451 174 139
707 215 5
4 295 68
805 360 52
2 74 380
572 252 260
584 65 353
447 385 31
11 17 311
583 280 380
744 212 262
192 370 80
986 22 249
453 103 118
857 76 144
86 355 122
90 13 242
534 334 11
801 2 109
834 354 95
486 17 196
355 223 218
695 26 315
325 236 210
82 33 395
846 212 368
668 366 133
345 272 140
6 129 194
139 314 211
708 78 53
245 387 72
318 105 29
131 15 108
441 100 45
813 349 213
890 4 226
874 201 368
750 292 165
873 379 277
649 344 52
181 12 289
58 237 146
322 397 36
557 192 275
791 244 265
491 268 183
290 271 381
738 59 135
699 136 199
303 394 86
848 188 290
854 311 154
350 189 261
616 326 371
573 185 386
910 142 365
592 360 13
380 198 44
898 23 292
343 357 390
47 223 225
271 310 177
542 388 226
223 157 137
579 316 141
630 354 71
326 219 92
838 44 397
159 275 70
329 253 217
81 230 244
867 126 237
249 340 148
175 352 44
539 215 285
914 312 25
295 250 182
751 43 359
508 318 98
387 239 285
976 106 4
769 331 227
632 103 375
800 262 52
284 195 387
148 383 46
842 63 392
529 263 210
362 316 127
300 106 211
667 31 30
106 18 269
520 73 232
402 395 264
359 170 184
911 261 342
204 106 147
53 142 49
871 49 124
1013 299 118
972 330 103
578 274 52
907 146 327
929 133 113
425 333 130
747 343 205
983 141 75
497 89 2
715 112 166
581 376 68
237 234 197
944 314 63
764 120 176
5 78 165
888 368 147
790 395 171
998 116 224
793 27 54
456 90 51
443 41 13
603 262 283
129 295 211
676 366 226
194 257 244
173 140 61
397 193 374
671 122 215
299 158 244
462 361 176
413 141 389
399 117 186
60 369 302
876 168 5
91 350 116
777 175 96
468 25 388
855 297 133
678 119 88
412 396 128
374 38 196
357 344 84
784 180 203
368 141 380
54 73 310
7 134 22
505 390 114
847 73 180
409 375 88
365 161 391
688 171 369
932 385 252
471 315 391
487 156 231
564 293 7
851 359 213
17 324 42
422 130 179
858 154 195
285 393 56
711 396 114
726 331 143
319 20 144
310 279 368
241 201 394
75 392 349
629 333 166
439 351 155
479 268 254
373 232 19
740 263 391
302 81 397
954 317 185
164 397 22
716 246 35
13 288 69
478 106 361
501 37 109
721 382 3
799 187 24
307 16 128
623 355 234
126 194 217
432 100 110
320 67 362
926 283 138
917 161 210
12 3 86
26 185 16
344 320 28
130 304 161
717 93 199
975 262 193
24 175 395
298 18 225
548 110 228
556 50 160
724 13 216
700 5 273
774 72 320
650 288 58
266 130 187
536 139 240
305 12 370
3 110 189
150 261 277
809 221 20
597 136 154
190 135 3
546 1 195
446 304 28
21 11 228
38 319 122
925 289 176
360 257 50
406 371 262
83 225 198
158 9 307
171 306 9
625 166 13
370 86 242
994 250 342
748 208 222
905 106 241
421 105 203
845 79 333
424 377 135
121 303 58
324 123 258
570 5 218
519 98 184
211 236 120
48 50 1
309 234 113
474 114 154
696 6 237
524 312 167
127 352 393
482 215 251
981 44 298
725 253 276
990 311 117
273 145 198
156 289 389
200 37 179
936 154 205
59 114 195
166 391 283
530 224 256
658 222 292
785 2 257
95 381 79
283 369 97
949 375 125
41 303 12
722 368 182
852 161 178
831 387 80
701 167 217
444 44 255
537 352 147
591 334 394
705 7 115
118 382 103
383 371 349
598 322 161
315 31 158
470 91 254
689 100 1
476 97 242
704 398 165
16 349 4
647 114 364
941 9 132
978 178 127
250 26 274
765 392 188
919 249 235
903 100 207
969 310 103
157 280 255
415 273 60
968 366 58
691 363 3
580 261 27
70 130 13
258 29 256
631 299 93
648 357 204
472 377 349
125 304 199
458 225 394
656 390 97
1003 235 368
29 299 239
540 88 215
825 307 125
342 43 124
685 330 29
820 118 391
674 380 129
792 175 256
822 30 326
885 256 198
418 393 205
869 258 327
220 391 342
620 321 203
918 6 104
63 43 134
160 121 250
694 69 328
826 381 154
189 283 75
896 232 214
429 378 215
87 266 170
36 29 302
762 291 40
69 342 236
379 224 206
517 292 28
709 102 352
71 153 182
231 5 12
718 15 168
881 234 4
248 328 197
210 279 145
427 61 233
454 32 362
875 324 15
221 284 186
574 209 244
102 179 214
605 137 214
52 247 285
645 140 229
947 124 4
755 142 187
416 365 262
335 368 192
946 101 141
168 238 15
544 337 1
364 49 173
533 236 269
94 85 395
984 183 6
98 20 37
208 88 286
859 164 48
464 214 374
49 118 206
109 122 23
218 61 245
348 57 145
154 343 25
46 241 47
559 394 1
862 5 297
661 303 226
1012 248 19
232 243 340
923 22 27
341 15 204
714 315 233
469 78 189
18 118 105
185 14 5
560 235 184
550 131 376
114 332 214
438 288 17
410 385 280
502 13 180
828 375 269
28 234 28
457 85 128
449 99 24
999 26 206
97 282 205
935 358 66
178 44 267
316 29 216
780 110 373
746 255 227
600 275 35
886 209 208
128 358 38
768 108 124
8 88 185
25 46 324
463 148 156
203 271 199
448 263 10
938 197 10
296 225 285
289 234 386
119 168 35
473 275 163
435 75 369
301 61 319
606 171 18
877 354 131
611 223 348
209 280 219
197 82 365
317 94 272
278 118 143
392 94 8
563 310 231
99 133 239
897 111 130
146 296 222
651 39 328
967 45 286
995 290 79
332 3 147
280 24 4
543 388 358
884 290 139
974 398 68
260 150 4
459 320 135
263 223 383
817 71 250
960 240 375
265 287 4
766 7 326
802 388 233
297 13 276
512 324 93
626 2 32
430 258 252
589 92 234
670 130 222
566 374 186
288 145 37
414 81 138
899 359 368
420 96 151
521 96 170
794 347 229
254 305 22
256 242 255
308 41 188
821 330 192
634 325 117
615 128 172
242 368 71
134 98 342
477 75 243
567 31 124
958 299 167
576 23 264
1007 379 221
214 245 3
10 207 254
673 160 201
120 231 344
731 128 7
267 368 198
306 48 365
819 94 280
162 10 29
934 35 265
375 195 379
349 152 104
889 352 79
1009 219 388
526 298 202
233 174 9
773 295 185
411 42 236
437 2 346
277 61 164
490 275 4
582 382 187
979 361 245
243 344 141
255 86 231
56 309 35
338 89 191
624 65 153
608 380 206
1005 359 127
485 149 393
693 252 284
39 38 304
489 103 175
654 67 145
948 214 211
51 45 198
604 367 17
404 3 134
376 379 35
498 189 203
622 254 191
259 234 227
562 223 242
640 374 106
351 41 384
78 38 374
261 334 151
870 243 41
504 279 394
814 396 107
892 352 104
174 132 29
356 75 137
729 81 229
966 374 117
510 285 217
660 275 388
346 336 202
74 369 211
588 201 399
686 335 50
239 302 101
251 59 183
962 283 53
849 390 211
749 354 185
554 118 11
72 212 219
779 347 159
816 380 168
170 244 332
336 359 253
522 220 396
369 230 352
835 84 369
0 354 166
124 21 363
352 251 388
390 236 242
599 102 16
878 70 308
702 127 50
720 263 154
956 243 204
461 346 222
783 10 39
165 298 149
327 147 179
103 58 239
107 86 204
713 314 4
617 3 368
601 376 144
286 155 23
1001 351 56
804 311 188
795 47 166
105 255 240
15 14 155
657 369 101
901 344 387
193 121 40
895 8 303
27 11 252
398 150 211
771 122 159
742 375 200
84 141 7
906 124 375
20 14 299
930 343 127
797 306 43
664 10 314
100 50 288
756 4 181
541 337 55
198 398 18
187 385 217
371 340 103
887 60 299
840 293 243
179 7 198
659 5 317
323 373 229
719 245 242
465 8 153
167 96 386
690 66 326
272 17 27
152 287 377
123 268 61
545 301 48
426 304 77
518 45 143
734 226 235
96 91 220
681 177 32
499 53 232
276 9 386
511 128 202
863 145 234
727 71 350
638 367 157
147 396 73
553 31 288
803 20 370
401 242 233
902 16 231
201 142 206
633 16 186
880 47 306
116 97 179
775 392 395
176 396 245
558 66 336
931 121 243
1011 368 270
151 21 220
314 163 44
549 137 45
730 358 137
377 65 253
655 294 158
920 362 230
798 287 195
186 290 147
531 143 16
163 308 15
500 6 127
436 395 138
117 176 390
228 306 230
145 361 90
460 14 147
891 2 23
970 23 299
31 85 343
677 145 220
484 112 140
140 389 180
269 76 202
837 367 368
737 94 350
216 23 215
991 77 339
440 393 296
110 38 275
866 316 19
865 336 21
205 158 47
927 236 294
860 340 89
57 18 388
80 321 172
388 31 383
614 352 379
169 323 4
594 23 169
641 283 62
113 25 397
982 262 378
760 260 163
663 302 137
610 341 38
206 219 15
951 116 31
466 31 351
236 325 147
743 54 311
913 40 314
73 237 395
240 130 395
672 284 38
104 372 98
212 46 373
372 190 385
639 307 196
628 0 77
403 224 361
823 142 24
787 274 270
244 0 171
93 1 41
547 112 37
195 4 213
643 385 159
754 15 121
675 21 201
112 395 271
993 101 235
136 17 252
637 341 33
89 397 81
535 21 19
810 23 156
853 23 180
933 24 380
796 52 131
493 266 269
827 321 37
188 49 271
222 174 210
452 248 395
736 109 18
1006 25 356
434 19 124
561 27 188
253 59 305
433 32 238
532 135 52
467 195 232
419 16 118
687 161 33
287 293 128
68 392 121
65 173 200
752 33 201
595 367 25
833 267 68
627 387 203
635 68 235
942 127 149
246 281 6
514 33 252
34 209 233
593 36 383
381 37 289
294 340 15
292 315 197
669 37 345
177 56 171
506 303 153
516 227 280
703 305 171
389 277 193
586 172 194
395 257 0
807 39 1
14 211 391
115 371 224
133 65 315
900 252 42
275 343 109
959 315 93
9 350 253
844 46 331
382 40 318
384 378 118
937 81 197
781 26 15
481 288 209
843 40 335
321 143 56
613 196 243
684 375 73
45 104 232
230 41 337
772 47 3
908 247 28
1002 49 202
924 65 360
602 95 164
279 264 220
609 20 380
257 99 362
739 107 160
455 112 12
495 329 124
1010 113 15
806 115 179
569 231 239
55 300 31
590 383 258
358 121 398
811 125 165
153 80 294
378 385 345
235 7 137
710 126 180
328 130 229
393 358 225
1 66 309
88 148 225
728 380 266
882 136 385
921 148 168
66 150 185
552 154 208
423 63 181
199 134 383
757 167 398
697 172 14
915 365 30
92 175 21
832 270 388
141 197 257
101 198 383
337 360 376
575 240 33
997 399 232
679 202 213
665 255 45
252 220 266
644 220 373
812 303 85
32 361 221
1008 226 379
555 313 180
662 96 159
753 228 209
330 42 200
132 228 212
417 91 373
85 55 328
61 317 39
111 54 162
980 85 283
282 204 378
788 141 193
745 107 221
621 228 364
943 269 395
527 231 361
207 243 277
293 247 220
653 97 192
503 52 392
916 249 254
723 75 168
227 353 90
142 115 232
363 254 25
483 256 10
568 351 222
636 82 355
43 386 245
347 256 174
706 263 386
442 268 164
291 270 162
334 273 178
824 275 364
939 276 40
682 280 266
44 282 21
264 292 84
183 295 228
274 310 211
492 319 171
733 320 8
122 337 136
996 349 68
883 351 382
33 352 194
836 353 84
262 356 158
585 365 102
642 367 396
985 374 112
137 375 249
879 377 165
987 378 29
270 382 175
922 392 333
523 394 333
281 397 375
22 398 209
30 2 353
394 3 130
149 6 169
767 7 234
234 9 33
565 15 17
940 23 385
313 25 309
912 29 108
551 30 185
759 32 269
108 36 334
904 39 151
213 47 392
396 48 204
226 50 228
1000 51 193
815 55 363
952 56 369
172 75 319
778 83 259
992 86 235
839 87 122
770 87 208
247 88 125
571 88 388
945 91 387
385 95 157
386 96 236
894 97 121
989 97 259
683 99 274
184 104 136
856 104 246
366 107 136
67 108 175
224 110 363
340 112 20
494 124 155
509 125 174
225 134 35
538 137 223
841 147 166
732 148 17
525 151 20
144 162 183
587 211 364
62 212 397
217 214 241
37 219 253
965 225 258
971 227 4
180 228 23
961 232 241
577 232 290
333 235 391
964 237 8
76 244 27
405 248 270
830 253 4
782 253 193
988 257 158
507 257 269
950 260 57
42 264 152
407 265 49
612 265 160
135 266 17
786 272 259
311 272 373
808 274 170
238 285 90
219 286 66
312 288 168
776 291 1
646 301 89
353 307 52
761 313 41
496 315 83
861 320 146
450 324 37
361 327 97
202 331 148
367 331 222
