1014
928 53 152
1004 179 228
758 165 23
19 309 245
872 289 359
304 169 204
23 110 56
138 110 390
973 285 275
431 334 181
354 380 18
77 276 86
408 350 319
191 67 266
735 227 81
712 47 19
331 384 139
864 144 381
666 377 367
829 63 283
143 202 229
50 78 53
268 174 139
400 191 26
391 135 176
789 192 275
596 157 137
909 83 220
801 303 178
355 306 109
695 355 121
955 259 83
451 189 290
325 393 10
528 15 45
82 103 116
4 210 200
345 393 390
6 100 45
139 272 21
572 103 257
447 142 365
475 122 105
868 174 368
441 274 363
680 29 337
813 237 146
890 189 261
339 217 92
79 353 32
192 87 126
445 134 85
40 70 286
58 326 371
818 148 327
513 49 215
86 109 86
182 213 285
64 168 312
791 272 140
607 176 99
652 82 269
90 323 272
290 198 44
793 27 54
456 90 51
515 132 270
443 337 118
848 133 113
698 14 342
229 99 290
603 320 82
129 211 386
963 249 367
350 14 242
194 19 195
616 22 97
573 2 109
834 242 325
486 371 33
741 323 75
592 183 257
380 141 75
480 38 142
155 19 306
47 223 218
271 329 353
299 89 2
846 280 174
957 223 11
488 200 140
413 102 29
692 216 110
60 383 48
876 158 244
668 382 379
630 164 375
428 83 309
777 348 213
326 236 210
708 21 10
707 153 53
678 274 53
159 33 395
131 137 331
867 87 321
805 273 224
412 369 302
2 341 85
357 66 173
539 212 368
295 49 313
584 260 326
368 315 391
505 119 88
893 170 82
11 30 198
583 180 338
744 26 237
873 81 246
649 106 155
365 355 71
181 12 379
322 295 68
632 359 52
688 109 165
471 161 391
487 156 231
284 129 194
422 3 362
557 200 66
986 375 176
529 45 81
453 366 107
857 258 344
491 252 260
362 314 211
726 268 181
738 175 254
699 289 380
667 326 87
310 70 351
241 191 229
629 41 13
439 350 311
534 18 332
910 385 31
204 330 383
898 370 80
196 288 130
871 131 71
215 254 102
302 262 283
223 275 244
519 207 228
211 236 120
954 295 211
48 31 32
309 98 184
474 234 113
578 73 310
907 4 226
929 77 143
164 376 294
696 222 292
953 48 342
838 151 303
329 386 387
81 313 303
983 263 236
716 269 313
13 175 41
501 233 103
850 67 21
799 257 244
497 244 265
914 354 95
245 32 224
318 73 135
658 352 155
949 395 38
283 261 230
432 171 285
41 110 228
320 76 106
926 37 109
581 271 381
383 178 127
470 387 121
917 141 389
387 155 123
161 363 338
976 366 133
689 347 205
874 120 301
769 59 135
750 306 91
704 390 113
800 293 278
12 168 5
764 164 290
941 371 349
26 352 284
978 50 1
148 15 108
344 210 262
130 396 128
765 86 243
969 387 254
842 379 277
888 282 238
717 116 61
975 250 181
24 16 76
619 233 310
548 179 203
556 381 314
402 344 52
303 100 341
125 75 180
911 218 57
53 354 303
774 130 179
854 65 369
342 114 154
972 302 340
397 56 114
674 6 237
671 227 131
266 223 224
792 341 149
536 377 68
462 389 324
343 204 153
542 215 5
399 185 386
425 307 378
91 360 13
869 369 97
220 375 125
579 167 128
305 331 143
694 338 205
809 122 214
190 279 368
249 74 380
189 152 104
175 22 249
896 71 320
429 215 75
784 310 177
54 49 124
7 203 17
546 350 118
237 132 105
847 275 70
751 197 90
446 117 187
38 265 51
944 313 287
69 289 166
508 198 328
379 68 362
360 312 23
406 314 140
83 201 394
790 387 72
564 126 237
851 91 27
71 303 12
158 235 199
171 333 166
998 343 74
858 103 375
625 137 198
370 81 397
285 195 387
711 263 210
748 100 110
300 242 72
75 74 71
106 364 270
52 176 66
676 117 78
173 111 73
121 220 132
520 334 11
947 291 291
359 201 368
335 164 48
168 91 254
977 207 176
94 328 366
628 0 77
208 100 1
859 398 165
1013 275 105
468 212 28
244 0 171
524 342 176
93 0 344
127 317 185
981 397 22
195 1 22
478 316 127
273 384 116
46 12 328
747 148 258
721 132 352
374 396 82
559 9 132
661 114 289
307 295 295
936 37 29
754 1 41
763 311 279
923 326 41
126 372 314
714 7 69
469 75 168
530 246 35
18 307 154
715 101 76
785 183 322
95 288 69
136 2 85
722 397 34
410 110 186
618 77 119
831 64 393
701 219 43
449 29 344
535 3 29
810 4 213
647 185 16
886 391 85
17 44 397
8 392 188
463 219 78
903 320 28
5 357 390
296 388 143
415 184 63
853 5 272
933 6 102
298 11 289
319 202 276
301 128 363
724 258 50
70 304 161
877 310 103
479 106 4
258 93 199
373 317 98
458 175 395
209 181 96
1006 6 275
35 164 331
740 53 208
317 380 129
561 8 38
825 391 395
540 98 320
650 301 116
278 306 10
433 8 198
563 392 381
822 162 103
897 274 95
146 225 285
967 318 384
974 391 342
918 311 111
63 139 240
150 368 147
752 9 329
817 324 62
623 189 43
855 388 226
802 22 84
512 69 328
514 11 274
593 13 2
381 13 72
669 13 73
21 162 250
821 280 100
308 283 75
409 352 44
925 106 204
120 47 358
932 18 269
731 88 215
375 42 357
807 13 214
349 321 388
994 66 205
700 69 233
905 361 176
421 268 17
411 378 215
582 74 229
845 116 224
424 134 22
382 14 168
255 318 64
324 365 226
946 12 370
544 221 20
843 16 276
608 189 72
570 140 60
1005 9 58
464 135 3
3 395 264
218 1 195
725 317 376
376 107 361
990 293 7
622 124 4
597 142 49
230 17 171
351 368 192
772 17 252
1002 17 352
924 19 363
602 20 27
356 238 15
966 205 76
550 304 28
28 197 77
257 20 168
588 99 207
935 319 122
739 21 19
455 21 263
849 40 62
25 279 357
938 61 352
1010 23 27
806 23 39
336 395 168
435 204 41
369 85 395
835 88 286
631 359 213
390 241 47
472 230 55
358 23 49
878 394 1
811 23 156
720 256 120
197 284 102
461 106 36
710 23 180
165 104 348
328 24 380
103 99 24
882 25 204
332 166 13
921 25 356
66 27 188
795 292 375
552 30 31
657 29 256
430 303 58
757 30 213
697 32 238
254 266 227
92 32 264
895 365 1
141 33 201
771 234 27
101 33 252
214 119 282
541 61 319
198 246 85
679 34 266
840 354 131
1009 312 167
252 36 383
644 37 66
465 30 65
1008 37 183
690 94 272
753 37 289
132 37 345
482 280 380
156 375 88
200 43 197
59 115 41
166 114 195
621 38 46
527 38 332
852 353 354
591 58 197
444 44 255
537 220 301
705 266 336
207 39 1
293 40 318
118 228 47
598 27 386
315 77 337
476 36 178
775 115 364
16 352 147
250 334 394
919 320 136
157 373 227
248 330 103
916 40 335
1011 364 325
427 333 130
968 382 103
691 51 33
549 88 19
875 232 19
580 322 161
574 263 391
102 324 96
755 22 68
363 42 314
416 376 391
483 43 236
648 16 227
145 90 294
533 350 4
656 97 242
1003 288 389
29 26 274
685 366 58
820 5 63
109 328 197
347 46 305
885 162 59
706 47 3
348 289 60
418 359 230
154 30 71
442 49 202
620 261 27
862 311 118
291 57 220
1012 119 66
232 370 182
160 106 211
826 357 204
185 72 213
589 340 187
438 3 14
502 58 45
828 324 15
457 387 155
670 393 56
87 390 97
999 329 29
414 396 114
899 392 349
178 380 324
420 344 372
316 122 23
134 382 3
600 348 158
36 118 391
128 343 25
762 52 226
768 197 12
576 312 63
1007 388 79
517 393 205
709 121 250
289 142 253
162 250 342
231 377 347
473 291 41
718 46 321
881 145 233
606 362 4
773 106 241
210 292 28
334 58 217
454 46 363
611 248 19
221 58 233
392 389 303
605 117 51
645 234 4
338 377 135
824 60 203
364 285 349
99 225 396
984 32 362
98 130 16
485 5 218
995 243 340
39 299 93
280 314 150
49 137 214
489 149 393
459 199 285
939 65 360
948 92 234
51 278 32
404 47 286
265 288 17
259 113 373
562 266 79
640 130 222
297 378 78
78 211 390
261 330 86
545 352 393
626 29 327
518 391 373
870 292 101
734 44 298
96 2 257
814 359 368
682 71 250
174 379 221
341 196 55
681 273 60
729 351 363
510 10 29
256 344 116
560 267 120
114 183 6
634 13 180
615 207 22
44 75 371
727 307 125
74 1 33
477 20 36
553 66 357
97 118 206
958 20 221
686 263 8
803 337 1
902 214 374
10 52 273
780 15 204
880 61 245
264 77 311
116 131 376
251 324 117
673 44 267
962 160 98
746 211 63
183 82 30
267 358 38
819 292 108
934 234 386
558 358 66
274 84 32
749 282 146
448 336 151
203 181 52
492 87 17
733 97 30
889 171 18
554 347 337
72 221 67
931 258 319
170 221 32
119 321 39
151 82 365
522 3 346
730 3 147
437 94 8
490 15 6
277 133 239
979 166 41
920 305 22
0 139 229
798 245 3
124 287 4
122 99 52
531 219 388
352 301 165
163 301 48
436 347 357
243 290 79
702 347 181
228 37 193
117 196 379
996 99 362
891 394 385
970 91 220
693 24 4
677 156 64
107 374 106
654 312 76
737 15 217
604 344 351
713 38 374
651 212 296
216 365 71
498 75 243
286 371 383
1001 243 41
543 150 4
884 388 358
991 373 190
260 223 383
110 123 60
263 4 271
865 41 189
205 177 32
504 370 323
105 396 107
960 26 396
892 94 280
766 34 56
927 261 69
901 176 61
80 22 44
388 305 75
660 368 198
346 352 79
169 153 248
566 242 55
594 31 288
641 20 370
288 335 375
532 208 281
467 55 30
193 132 29
521 4 323
794 145 37
113 6 334
419 85 301
239 301 364
687 398 68
242 75 294
982 388 233
68 309 157
595 123 256
567 112 233
20 81 229
627 169 250
760 259 13
100 369 211
663 397 73
779 12 282
756 335 50
942 330 192
816 240 254
306 249 241
371 283 53
246 249 81
887 354 185
179 88 331
610 59 299
659 118 11
34 245 322
206 339 103
951 164 113
466 261 89
526 174 9
233 309 35
719 244 332
599 275 4
506 67 218
236 93 317
743 358 325
516 231 344
913 66 336
956 294 158
703 357 359
783 229 350
56 210 47
73 335 63
240 7 153
327 50 51
624 102 352
395 128 7
167 354 166
672 121 243
115 382 187
104 41 385
617 344 141
272 352 105
212 358 137
601 298 381
9 86 231
152 127 50
804 367 17
844 380 206
123 19 389
372 342 208
15 279 394
426 86 204
937 359 127
384 379 35
781 236 97
639 293 204
481 257 10
499 314 4
276 380 169
511 214 381
863 366 350
403 143 16
27 275 388
321 276 39
398 329 64
638 95 43
823 308 15
742 302 101
147 155 23
613 374 117
787 28 215
684 201 399
45 390 211
906 102 16
84 376 144
401 309 383
633 351 56
201 376 319
930 14 155
547 101 299
797 11 252
664 375 200
643 196 268
176 344 387
908 84 369
187 77 304
675 395 138
112 28 205
993 134 74
323 141 7
637 109 191
314 4 181
89 397 380
377 335 200
279 256 230
655 195 70
609 70 308
186 306 44
500 96 386
495 346 222
460 349 10
31 268 61
484 9 386
140 128 202
269 397 306
837 270 350
796 213 55
493 12 60
569 298 149
827 145 220
188 46 60
440 336 385
55 181 274
222 94 350
866 27 47
590 57 352
452 23 215
736 119 227
153 345 149
378 369 101
860 2 368
434 112 294
235 61 264
57 367 157
253 38 275
393 330 117
1 337 55
88 398 18
614 343 127
883 103 298
33 109 276
836 112 12
262 113 15
585 121 398
728 253 323
985 130 229
642 131 63
137 136 385
287 52 331
879 142 23
987 142 227
922 148 224
270 152 392
65 197 31
833 336 21
523 171 36
635 158 47
281 172 14
22 172 264
423 127 375
30 174 54
394 175 21
149 178 390
199 39 328
294 3 86
767 198 383
292 392 328
234 200 78
565 204 69
177 325 378
940 216 84
915 66 326
832 237 327
337 137 45
575 361 90
389 321 172
313 220 266
997 135 52
912 220 373
586 323 4
551 221 47
14 23 169
759 226 379
133 24 266
900 283 62
108 228 364
904 230 63
275 262 378
959 227 293
213 231 361
396 239 68
665 77 233
812 78 11
226 248 326
1000 254 25
815 259 122
952 259 226
778 263 386
172 264 85
32 161 33
992 264 350
839 265 75
555 392 121
770 282 21
662 14 146
330 367 25
417 387 203
571 292 84
247 314 20
85 281 6
945 316 389
385 319 171
61 148 63
980 268 68
111 281 205
282 87 343
788 42 66
386 320 8
745 303 153
894 320 72
943 305 171
989 326 386
683 329 125
184 332 73
856 337 136
366 340 379
67 345 341
224 346 366
340 348 345
653 212 35
494 349 68
503 257 0
723 326 393
509 351 382
227 378 118
225 352 194
538 353 84
841 353 91
732 355 348
525 356 158
142 225 65
144 365 102
587 366 370
568 253 388
62 367 396
636 108 369
43 26 15
217 374 112
37 375 249
965 377 165
971 378 29
961 379 387
180 381 166
577 382 175
333 383 335
964 384 214
76 386 45
405 392 333
830 394 333
782 395 270
988 397 271
507 397 375
950 398 209
42 399 36
407 2 353
612 5 293
135 6 169
786 7 234
311 9 33
808 15 17
238 17 184
219 28 63
312 30 185
776 32 63
646 32 269
353 36 334
761 44 216
496 47 392
861 48 204
450 48 209
361 51 193
202 55 363
367 56 311
